1 1 60.000000
2 1 61.000000
3 1 62.000000
1 2 63.000000
2 2 64.000000
3 2 65.000000
1 3 66.000000
2 3 67.000000
3 3 68.000000
1 4 69.000000
2 4 70.000000
3 4 71.000000
1 5 72.000000
2 5 73.000000
3 5 74.000000
1 6 75.000000
2 6 76.000000
3 6 77.000000
1 7 78.000000
2 7 79.000000
3 7 80.000000
1 8 81.000000
2 8 82.000000
3 8 83.000000
1 9 84.000000
2 9 85.000000
3 9 86.000000
1 10 87.000000
2 10 88.000000
3 10 89.000000
1 11 60.000000
2 11 61.000000
3 11 62.000000
1 12 63.000000
2 12 64.000000
3 12 65.000000
1 13 66.000000
2 13 67.000000
3 13 68.000000
1 14 69.000000
2 14 70.000000
3 14 71.000000
1 15 72.000000
2 15 73.000000
3 15 74.000000
1 16 75.000000
2 16 76.000000
3 16 77.000000
1 17 78.000000
2 17 79.000000
3 17 80.000000
1 18 81.000000
2 18 82.000000
3 18 83.000000
1 19 84.000000
2 19 85.000000
3 19 86.000000
1 20 87.000000
2 20 88.000000
3 20 89.000000
1 21 60.000000
2 21 61.000000
3 21 62.000000
1 22 63.000000
2 22 64.000000
3 22 65.000000
1 23 66.000000
2 23 67.000000
3 23 68.000000
1 24 69.000000
2 24 70.000000
3 24 71.000000
1 25 72.000000
2 25 73.000000
3 25 74.000000
1 26 75.000000
2 26 76.000000
3 26 77.000000
1 27 78.000000
2 27 79.000000
3 27 80.000000
1 28 81.000000
2 28 82.000000
3 28 83.000000
1 29 84.000000
2 29 85.000000
3 29 86.000000
1 30 87.000000
2 30 88.000000
3 30 89.000000
